637544452
812636661
854074979
569848934
5652319649
1427190021
5994553031
819205383
1921290875
598259137
1892808737
1763131401
5023628765
869456636
511147482
1025702617
6285332072
597854997
6346583129
862778434
949300876
1765256554
6256860069
5789967441
757252669
660205711
221720172
6263897027
1542162842
372992752
5348659969
951959809
741711186
1339499062
1006709835
479391678
478092917
5522839268
203073921
1050805244
1021319834
549861396
872988928
541925472
1057365754
1693957384
860964073
1265800614
1811910668
449451084
373400258
407531836
1777869155
5229461419
961551645
1068885408
573702396
735080380
641293942
5296600395
602668683
1370594904
753598022
1055703639
1749457485
1961970655
1878406075
868389761
1059736341
1778255751
1081209554
1402669293
654557870
5332512709
1944780102
5075290031
934075855
450138409
656050663
499343721
350596505
822175282
1321493974
363826619
1126616109
1784810276
192407912
448274402
1803232857
296635281
594278703
1773765647
1203000435
514445209
6153824506
984208334
938226031
5198613579
535318765
1701535063
1787847095
678065952
1728583515
5322768560
649061500
680963588
733641041
666341869
421491463
495147811
1385718147
341511908
396123473
494044148
5564313940
1851457352
246173381
508756305
1080138991
1067639383
765034368
5392891457
5823886547
379560622
780963637
5302183229
1701929585
329713614
1735381599
870301940
579794353
2008495971
1100172042
388200584
632372098
5908472503
510668358
1906632703
634753923
968635265
2002718403
5837475819
349336355
1973087012
1315923362
571370359
792971585
487250757
5013717255
1466359090
1773791884
695863350
598316267
530143685
997040998
1098241547
770117517
600588453
1576302243
768447164
714855965
5304685310
215913952
1090958595
1808760892
5508994324
436902472
5907872717
137993304
678389848
234049132
406687068
730003872
5907221095
6631326040
217945981
980457220
1421218514
997351455
491348716
774643791
755662816
5426436463
346718717
511904875
5607223849
1408152521
1352844147
5334774024
433658220
800020266
143830755
797672762
856415926
1109503569
1896125321
1716411650
1017258010
6131503411
701533659
796091642
838782901
1673642243
735629001
1064558042
847237312
78612384
859821262
5204876871
2049770776
877899448
1290072552
1165158796
792712661
860742584
306539733
1614061581
1218058199
1763190229
1032418868
1792090987
184010201
552430416
1285965893
1899256712
400585540
797370287
909230663
1010602762
247298194
105716133
506813026
515056589
1472866429
605408665
718746423
239617436
1581376082
615417026
1004845412
622390011
245500749
849177670
6196005987
537398192
658507574
940159758
1713997124
521400213
487583047
5727719923
1412436798
709099084
591241488
956999397
1138252960
849564724
961179283
5332779989
1844726617
5297070313
733892377
1026135311
1873359097
899037368
559994909
1888347025
959335863
1384234064
616854482
956164038
439362150
1672042967
5862565028
1774316469
607890238
117647128
525634428
1024914049
593309868
5664579795
672770713
809478862
1438010572
720874198
6443312367
1297810896
917050642
5846110288
387681816
1404458313
366548612
498175486
736647394
725074553
374849825
972071116
1931652315
275604128
5638933766
1127588368
738362481
572510938
867208288
1434487151
794049518
864085691
1023691090
549553540
388870584
802283725
799233321
6233322658
643018602
217698286
1778356275
699791499
2108507404
596729879
688679742
833999983
429949753
161112416
121548436
1933561622
5398691847
392926546
843052559
320979897
1202288491
381225193
368261358
983742312
777919443
829885918
5625527700
849282444
1048134440
540500531
422197911
857503698
1013925861
523082387
208610255
5435811004
299129102
1124440657
799655504
1102674611
196780688
348118298
309009385
979329879
837148359
563260983
484703668
5623698862
316192266
5458164700
1614470224
1426725590
710398895
515880495
5779598509
78447057
1210528830
1697566088
1271825014
575112595
5620609252
5438410511
388498824
1459504489
443647795
1696690766
2034826196
619455232
689432090
1610323525
298969353
496820918
570048203
5840250306
733173162
731467612
591446534
1216566724
753943034
1859885579
296616991
1767067493
1167177187
985415934
952300798
854798595
457279013
198422019
5901305493
238104867
1322668661
655758228
1426898508
670807233
419573428
975225220
416391079
770066111
1273071351
6541157198
1224364832
380209511
1015081564
580499692
850741014
732893637
1023386638
347868404
2116972128
685723294
1512556208
916464162
716589789
273287178
1150271557
463028831
772596021
1837372609
574108984
937383972
249636006
5119539900
5860718451
6333695839
610394339
878938506
599364698
367954053
691940980
736303278
647807146
507645342
1016082093
818225226
1340653415
1633298091
1700225611
1724969622
5564960638
6038981099
6041796674
6121578240
6031561198
6277426358
664745604
672108347
1705803669
964680937
5261843304
568588062
1719581885
639619697
327414030
759984067
604878434
171000728
1490793103
922732726
934349084
474939623
605850890
476120577
339152467
748049915
525946740
1556437019
554670141
874986025
1899535237
621553140
1894841329
1075636611
1168209460
650142939
844311401
649236295
481162044
5613616963
1059528470
5304513354
1468366883
1993856667
1037753506
1755307168
954722747
877800468
1362614478
475468505
5431004499
1759862206
164922538
1060393607
671015450
1133743395
1669856760
6029875413
165919864
775778500
562418708
921715109
1275769056
995355727
6608566133
406766406
1259551749
1852261889
707059813
607389135
513603815
1030904806
428924392
961347233
425173821
190647955
437515826
876522559
1061411009
481055575
589327247
6060669692
564374730
5844632664
322824289
1586149305
317101471
981198178
320716443
1811788158
466882206
5171211942
1038718046
6600722356
790702105
82919562
1989892488
671657257
176796390
346684642
227542872
657092737
779137380
560061055
5548008405
201503172
668622604
1051429367
632626987
966672075
592105588
5407582703
548172704
1011713723
1248946856
952322728
1053808033
270346756
580865880
859813421
337446432
5257267362
283628361
212656311
412679729
799155485
237836918
835865798
346065631
499076363
561066992
314651414
697688397
717677390
1302776167
344381493
960566024
720550896
978095757
1194542486
1782664086
1007291298
837662823
242003118
5254699737
330432394
6023449834
373169135
577479115
5099279988
5584305629
1436057108
573196772
530287772
802961993
1657680505
546993534
332804792
6030607498
1818353756
2077515309
478868685
1269101817
650971849
1133153085
21569891
695230408
120858195
874488890
5104892093
1111653875
417548283
590060829
1757769980
928376998
1246562892
6682011615
654234003
1125797351
5007086022
938673241
1728093239
1664390808
563003067
1163661630
6003251993
592602473
721986480
5592450911
582852860
345695090
816880222
678390872
1915780762
5902398066
1646447286
1683973853
961585502
313393209
284869947
687040669
748155470
837090910
1004090697
850557802
501119259
451459757
1267348327
835384097
737689345
1885049942
756493067
5887450138
912570431
1473625517
1649021662
457770853
1832219274
1301450312
838876745
239560708
625306015
466899636
89758486
5157414355
720207109
5786187872
602990352
819173892
696285015
5927386707
903488919
391600912
964099162
432233074
856135509
1594457400
710838238
964768496
797834105
967254282
974963853
589815252
507377950
543034189
1075898580
5525263942
1388482390
990555647
1950878710
797063258
808971567
874116349
343267065
5260841239
1055009822
1476235779
177549214
1825272881
200471029
189526962
542843135
845075938
5319746141
632338476
1293360575
1004296149
5534055475
1784578028
5864147977
619101005
1233106986
453832423
886959313
484054382
950282309
1795872452
655263521
513978501
389632768
807305819
1267819008
764731899
1681957329
1251713667
636539783
599030649
675257353
804808478
1919466403
954582705
1672977797
6014608057
5203824852
845935111
986216791
306090056
824568368
703612308
903244688
971993735
5599064218
5047380110
542144968
389753290
2036800708
364664611
268374730
243048155
480125836
653958986
1299338740
297925873
1201698183
380171235
1075942228
1597987780
910489455
314924351
451778962
1800889600
511783292
621605492
772398316
1006493929
342182659
301511870
807846843
938160884
611709999
782879033
5550726049
177312956
544986674
5633030193
1223178051
1166514567
811636241
1400314177
1295688132
185529070
6291139270
1850285852
530714869
5931193505
375021541
1914814019
526096511
758765132
366761780
283751873
803335353
5871795047
649690660
6285237702
1759113406
1337194489
127405402
966946122
252288725
548001918
5643439129
627504698
1196733232
1280338451
543306863
633857471
1718381905
674748845
270430757
1334663863
1222861390
1895081912
1777448178
5592524197
286541266
853058979
1999216494
781219656
1859154825
2038661911
6016223092
913560216
889391749
5388453143
849234319
153357691
794803082
513981517
1249823950
496207337
6300195291
1211221688
543114271
518687392
5448846979
642474816
1747013831
5784800626
1012183944
727557356
981051746
598054775
5959969191
401887421
223639668
267534885
1105531730
732802246
721861960
1985995597
870798313
545811286
1183616059
739430606
6233887140
159820406
435604497
5594660961
5077322880
1954260467
5093826859
306029272
99101030
266008820
913847925
533451477
751046266
692850815
1648235761
1004706366
440464394
497701728
448600366
1312466544
584930329
510988527
1375774218
5145813627
959207827
1145641275
1169738140
1123378318
657946283
441910165
316037986
398350917
770546172
603584371
5516742030
1077750119
762297759
1142353113
1329181120
954532214
840057397
6369372114
219308141
1112471034
835648911
1530640479
199529765
670989167
371780936
369039608
1361091322
1033597687
462205099
490273685
485962446
675838671
518723304
1682436217
993685508
837382392
618911767
1776221275
602480392
515786572
668126680
5326675905
1479536557
622924640
847708735
457143208
1232135321
342130117
5982227133
624746118
663405071
1112507108
284985499
817270383
5163076530
602841341
5168108976
1308770512
987631903
238510320
5357540808
5247263410
575189562
1021257026
703283678
1491122163
732475034
1797506862
1848313672
539687221
819949941
5616034161
286763870
1887969508
569869776
887552362
761278199
685435074
695412151
5712297833
5267204888
1765710492
488207022
1056167946
697236992
393462952
676398849
622587497
1667581979
5844908019
985399673
5509298071
155685966
575182268
1135172733
1147170677
636922761
705826901
2082958178
1151653466
644124289
745481944
872579989
1193908336
416105613
1344413881
875424563
385643413
6286568223
298547640
943332610
770711202
635636670
5590821753
941221814
398460134
1090620502
1054657259
1436774180
722476047
460481493
1697031761
443415819
918853106
1469809529
369402709
460546078
1332722313
822691367
641977597
922735650
1481715554
784830178
702238707
5598788112
1550498510
5707031138
521766584
428021730
815499814
937690757
112617139
747970020
1115457056
491341614
939320156
1285347642
886286250
183330444
878584574
411278102
1881376354
5664666546
6127312665
783888766
200715632
1479704063
1802943408
1065005716
1030815931
90691672
936811056
1280952042
367205774
1339731643
902861270
589193583
526824340
5039777130
738249761
1250829348
795771291
1486935313
144125593
977057184
686707981
1614123398
367333164
555870979
407901967
5181472836
982477501
6065549937
750462298
884562212
5302408612
1697606075
995432425
902452402
967131587
488219325
1635160795
1198402251
1538738152
5446773976
396187033
1466888654
843414997
291325313
1199952638
6143845689
5146073810
536824069
700333230
562793821
374506458
5703858582
868983248
848573388
232410486
5021128952
5760171285
507122026
524055002
1401022207
412626112
1026803849
637980945
696195814
708329499
586713536
151384552
789181198
731706577
5202530053
1929326460
166767885
1191089818
1764414724
1795694343
1278285001
237798724
936585650
6580921731
193015474
1095238457
1699178844
1756838894
163915145
365385666
5527599037
1483479436
1760540272
1302342899
1467740771
694903281
284081474
494663035
1229449432
309695777
1616628344
1797197625
816712016
1699485320
1108210025
640201117
1715017784
634295843
1501978984
758409617
484913665
1424336408
1973387550
237209066
689407087
643697549
5095100184
933679194
1344123226
864511174
1648015486
1115375347
1755350542
840979582
744392515
5401296161
443960862
1939569166
1220547792
797421620
573719253
354267059
963761792
917079393
1256690962
426086271
1389629825
1900041487
5222863862
1970299275
696923695
6016596048
5668432318
364687490
742292404
417568043
235164315
5410456918
191176196
1353219162
1791197822
1155625079
6067759782
122525638
598656540
5374616054
1307624193
2103858518
1030918752
1057396823
1978672803
1223200859
974362121
427065176
405307764
2003360557
689471083
1018414767
734540724
391020800
1372437817
1694496052
1019671573
373757623
1131391738
710962192
1039547126
5659637627
1121887517
1791438959
1643982913
771501473
655338951
5057565980
844847664
656079799
583671467
212711116
848658434
823533353
362648845
1259124329
614461451
91364417
5724927993
415705460
915322413
830782944
5343934938
852841329
2041415833
1010301032
486286803
657263612
462339926
5491001110
788914593
691478097
249039181
1409724598
564669535
5026936545
933374254
567882660
1143636185
229494688
1990049399
1006726571
306953529
519041039
566196135
6328246588
231443165
296656635
754997939
823212185
1048170922
1096705993
889843891
1248631685
921714965
1209773318
684830652
1949667266
2009557587
1973154854
2008221410
987104530
6276461244
5670474807
504016346
985650786
480978314
1763341677
262049339
948423710
590778647
752591902
2045296449
680427059
550722699
2052562332
6113196128
1966639982
1185308315
676447676
417697311
372995164
5000585650
84485805
1777068893
695948654
385336251
1278036454
1553022657
1003611694
477112773
412198700
1038958251
1310263261
550888501
1953883467
1305834362
524410478
5267975974
700419836
5986343997
438175032
6495614724
589945127
598204810
440268486
650067590
685054858
515633737
856403324
535940541
432294586
571756273
422933631
1017459659
474467943
1526628014
1029676950
287062785
300317384
843529261
731771114
1004171522
2039128772
773379247
270444385
532867255
5143730616
1151550400
704478010
350019560
819469440
68694996
5749147097
631695256
202973466
822451329
1791084847
664905472
991231194
483058842
615878586
6358808926
1566339927
1354491420
5691645099
794479120
1180872809
170226577
1238984881
891043315
1285291408
283073063
1255881801
557792394
1428967602
1358678008
61322002
432360247
1383790655
6318301478
398608467
1948190349
219792948
5687592830
5566262640
871211178
1210026266
6110586110
438106733
2049884702
5984251711
1510953183
752392233
1536984059
610916327
778221112
701242254
1028188817
732833686
687737226
867951915
1242840686
204714479
5014312254
727477894
484855702
753332306
5994642657
559003656
1220710527
316020443
1349776617
785866368
283215748
344471592
6252931230
248897327
999343157
2118685152
851724701
5080391528
827293527
298814115
1296862276
5021225261
658579949
1619247174
646577803
309655861
573187870
1043308862
612305277
671279496
878487467
1966155900
1228383028
753917990
618507439
91742471
1855746448
1899643364
752652012
1027340126
776170515
294904216
902299721
136078452
335800193
334190506
6110898045
474727846
5998412438
839579039
1154555330
1758190750
632404939
415709438
934634150
545721495
423020993
476389631
1390679570
516262646
587585823
438641662
768542524
1186380979
523039780
1652999007
1140473711
946626063
788242977
1851862662
1009955483
498608121
266577653
537812008
789935632
383668248
265747591
5294679582
391495651
74581372
748810832
5424364291
998362948
1810051539
223865517
673946478
6584635700
351070820
1371319371
770566838
857009942
895660564
727191780
116380909
1393648308
5741551087
176032442
5512933045
652058034
786385077
426865873
525417542
354648584
415428816
1650877377
415846312
1231477273
799083907
527478189
634514104
647105850
343043312
1183762142
1898115438
549349042
2006406314
1151913493
811166386
5939545779
1054101761
879664888
211342810
756989270
622936130
5404372723
1021769851
659494603
1064194662
304689781
998451693
1069602554
779351079
472341893
5559839145
177489733
1004478686
361671756
5511959747
1443978515
89170682
5232892179
5786138815
571356131
5476211490
506324618
1415125819
260456140
1422820652
5985593934
418431198
811990797
1351313133
1389583526
1305019016
72643574
1268248516
1673565317
1311895480
1213247637
236107173
828066382
782532818
5181439407
989619445
923165464
503562948
792386023
914535499
549631797
909083896
870720767
652965933
752486766
490167962
789638480
6230789286
1054423143
1395702574
495881049
5263194751
1798587665
1806739608
1046667566
1797729226
204010948
195826930
590121319
235847695
5027464981
900280770
5069359615
787783945
1201774009
614033821
1158896356
1154431452
6082107696
1025571459
5671855373
713981092
633606170
562733743
630565691
5631054150
391111268
1226802542
957708481
672084244
6088357128
626838516
909648798
520165832
1288752486
5811865793
963011766
1743181771
223976325
5097331180
424302444
778618732
1555821380
528554362
320341578
777996615
1422813058
483202717
2033387011
5184602951
1055111022
218794052
2053849497
609588962
1450189749
556754254
1080281536
460923772
2030753418
261847566
602033968
160259103
1939577744
421268505
956387690
1140548766
939731452
770666477
26222244
885688723
819630623
1694034263
828404124
5189031098
1044058810
6382049687
856174800
682594840
5189385865
512084630
235545566
1263095548
292047068
994439425
508333864
781732143
454626494
943582982
5436540052
5693195423
683712872
1280975341
453226796
5120139275
1825866581
1471602415
768093146
5393133810
1157286634
600898245
513249084
525785686
438771766
525583427
5031919433
5262009931
6344498585
1158894783
803849309
1049719919
835795357
965763815
5090258968
624532977
1958099084
547741022
877819201
1056128451
283191958
367143899
419007089
528598303
1568217285
357960694
195886260
765620470
315807340
1140431913
5731814628
72811077
1574389091
558028079
373600271
5241881434
1395873558
416562077
5072802362
1745399599
993266242
1985489735
5095356322
253381037
866508427
1284748401
6269104345
1724225065
630114713
674964195
1086356041
6009979541
412882178
511368257
406503927
178858751
778837003
210173055
205676193
346288433
5574560507
443364331
509259397
336846219
691419821
1984499873
321557203
442962288
489844098
1121546106
549903569
1451293046
713003702
5331699857
906517294
849777700
958790583
198879205
1083922165
211537915
315943531
493913371
491154253
1285954264
905559682
625256063
6157427779
228181208
5640901819
389686025
454494158
908683375
549164586
5964432030
694723117
1296135180
331365369
549129031
306263382
824626041
2077137450
1097831473
5007732849
1979601450
1341576543
1043044732
738402308
842852797
1811221367
1672792723
1268634179
662072003
274265717
1498056698
1771813516
361775619
5199491911
843282838
1218980367
6403873632
1924075550
2088234764
346545056
611846107
429874040
296625028
536324126
1279026872
1620952321
1044407832
461132687
270411232
500540392
1916220618
1233076641
1076179318
1124102011
496887581
1710825484
602668811
1720209891
879906646
671341920
449247099
1465712735
459029204
655768434
365891964
813355442
560991400
857987617
218469127
469897990
69361025
866771237
610224148
6209511258
5630311526
936580184
213450408
1085123187
5537541005
5678012669
1032546860
302364085
659867869
922540477
52035025
688273514
6396133395
832862491
1882456474
630978954
1627508410
487862354
1365807143
657189545
757446180
5822507684
463623860
763627953
904940883
541663213
336258072
369717330
359953453
474635073
51659805
414962276
260508193
6419423760
551391127
1531976290
6335740327
5228447859
5040022242
1038723064
1068775710
285051877
402504711
1388739792
2025726605
349500068
727391307
2015123987
2144017913
544491348
627183067
700858244
568320757
504180750
227875325
291016676
523742713
486409882
962526189
241821255
512975441
204456828
5966216752
1419831377
906479101
6055560326
981437147
880784180
300764732
756744965
642969189
487291732
6030169947
560003444
1193296527
427234099
708217077
414129911
227000061
243608713
269804265
736459680
5088962554
607389845
924008508
6093502439
679817753
634846557
5146626991
417561374
886473619
6313237106
711183484
1051776059
6521094381
795090471
1878445614
1094623002
1229084548
362659906
841029470
390850482
1732835740
208072587
1237121634
674052998
1907101007
5688922576
6244911806
1796683675
5752251388
1118317210
1859519020
6283522257
1225638718
445840664
600318005
1077697969
537540226
5914762655
1324851299
390392301
892250774
327521273
1694641678
1772975328
118100916
749829709
1084535391
725838209
1226018292
1354938121
485607004
868118458
540293987
6045938050
5262753762
498328934
455743425
1028325649
871792035
494321079
275061402
459182927
135405971
6547408171
976809405
1896094764
1358748277
1289283489
98407884
986330830
1193530544
273088728
532555948
192399413
786548677
453565657
854763922
1025028367
1511922229
584959837
5075183344
1126445346
251575276
5443446059
435976274
570357688
6322385734
2051917998
473054304
1428383617
1857516461
1340534588
749835652
6436555344
904268527
283170269
610521307
1536932742
5342220337
1060820999
1434831060
889452117
1410819452
1352231200
455962234
399509311
196677986
1051664817
5034111605
1572859236
5806786766
722240465
737444273
337194300
1248634139
187189322
1193122758
767278408
659126200
5337029335
115098040
1896256812
1635592732
791572733
742814909
5939404906
597909299
526535206
1046020341
749117220
603629222
1303956909
396311719
1512202803
675878194
502435173
306290130
5917348929
313479131
395635237
784939941
6068740522
489927635
344901952
584246738
1356398912
481754847
504427503
539554633
1236459175
615991861
1894271463
426069458
189631757
593920909
6425463536
5241636405
1288260388
985384112
195325539
531875730
1178486726
1912813267
394257578
5254205561
2098756778
499242675
275405770
1426930829
604051091
140147383
617366415
920304022
1518480910
505761835
6099018661
427929126
488289846
955724398
1403973807
328562287
6625923563
249585159
743368269
580861289
1112393379
972747054
5014263563
6256564621
445651857
1261436352
84326778
406448211
1001573350
401042120
899453392
5394467317
1487117885
1665820501
546482204
193062860
480164870
330348043
224758882
771930137
522030297
1162051243
1193663825
484667907
927653214
429835686
1661928436
5096105688
1779847306
578716576
1368130996
2115119762
5357177445
5382797266
758309463
731952064
1153079582
1109461105
572494480
715281627
732872746
1898603284
2121933135
463024033
524382911
969960330
414405543
945184056
844630790
1124413106
540291785
293500688
806543437
2103225986
1129444202
1607023806
579079744
6226198727
929512461
5075754493
121832840
307979665
521584081
536680129
257949194
650931481
394343091
1269007430
1364282021
248543137
976635391
379031591
520248278
1385985902
600796475
1027384540
5955011192
903053755
1825658252
488333616
927440928
6125847575
176869616
392689542
312167034
1049403917
439004966
707271848
5734650101
538520547
351581835
551983201
1338457113
764936288
778193631
198422357
1168587598
5023908676
793914412
1744794869
577813248
423394727
712421221
850412167
1603003551
370389999
701186256
1135588289
421306628
597968099
6044941565
619557194
335011755
1482988722
876542288
1989699299
476319765
1877402383
711609951
164847126
1815333411
1995837396
486438139
6374424870
803321951
6516001007
322734866
1061637847
127343898
542067734
992874281
139221257
274159465
412357365
447102501
342340513
621861855
359595294
126504826
292798950
1973967718
911792276
427794705
1030285212
511486153
6359494349
1010003473
1859864580
595515158
785373953
353359028
511566230
532763578
650068440
457276291
6110758240
224369874
5384317404
508992577
563155177
1076359276
612694435
5307841926
1386435598
546031631
194941932
322494322
1865104312
389184884
5640458209
531157043