548001918
5643439129
627504698
1196733232
1280338451
543306863
633857471
1718381905
674748845
270430757
1334663863
1222861390
1895081912
1777448178
5592524197
286541266
853058979
1999216494
781219656
1859154825
2038661911
6016223092
913560216
889391749
5388453143
849234319
153357691
794803082
513981517
1249823950
496207337
6300195291
1211221688
543114271
518687392
5448846979
642474816
1747013831
5784800626
1012183944
727557356
981051746
598054775
5959969191
401887421
223639668
267534885
1105531730
732802246
721861960
1985995597
870798313
545811286
1183616059
739430606
6233887140
159820406
435604497
5594660961
5077322880
1954260467
5093826859
306029272
99101030
266008820
913847925
533451477
751046266
692850815
1648235761
1004706366
440464394
497701728
448600366
1312466544
584930329
510988527
1375774218
5145813627
959207827
1145641275
1169738140
1123378318
657946283
441910165
316037986
398350917
770546172
603584371
5516742030
1077750119
762297759
1142353113
1329181120
954532214
840057397
6369372114
219308141
1112471034
835648911
1530640479
199529765
670989167
371780936
369039608
1361091322
1033597687
462205099
490273685
485962446
675838671
518723304
1682436217
993685508
837382392
618911767
1776221275
602480392
515786572
668126680
5326675905
1479536557
622924640
847708735
457143208
1232135321
342130117
5982227133
624746118
663405071
1112507108
284985499
817270383
5163076530
602841341
5168108976
1308770512
987631903
238510320
5357540808
5247263410
575189562
1021257026
703283678
1491122163
732475034
1797506862
1848313672
539687221
819949941
5616034161
286763870
1887969508
569869776
887552362
761278199
685435074
695412151
5712297833
5267204888
1765710492
488207022
1056167946
697236992
393462952
676398849
622587497
1667581979
5844908019
985399673
5509298071
155685966
575182268
1135172733
1147170677
636922761
705826901
2082958178
1151653466
644124289
745481944
872579989
1193908336
416105613
1344413881
875424563
385643413
6286568223
298547640
943332610
770711202
635636670
5590821753
941221814
398460134
1090620502
1054657259
1436774180
722476047
460481493
1697031761
443415819
918853106
1469809529
369402709
460546078
1332722313
822691367
641977597
922735650
1481715554
784830178
702238707
5598788112
1550498510
5707031138
521766584
428021730
815499814
937690757
112617139
747970020
1115457056
491341614
939320156
1285347642
886286250
183330444
878584574
411278102
1881376354
5664666546
6127312665
783888766
200715632
1479704063
1802943408
1065005716
1030815931
90691672
936811056
1280952042
367205774
1339731643
902861270
589193583
526824340
5039777130
738249761
1250829348
795771291
1486935313
144125593
977057184
686707981
1614123398
367333164
555870979
407901967
5181472836
982477501
6065549937
750462298
884562212
5302408612
1697606075
995432425
902452402
967131587
488219325
1635160795
1198402251
1538738152
5446773976
396187033
1466888654
843414997
291325313
1199952638
6143845689
5146073810
536824069
700333230
562793821
374506458
5703858582
868983248
848573388
232410486
5021128952
5760171285
507122026
524055002
1401022207
412626112
1026803849
637980945
696195814
708329499
586713536
151384552
789181198
731706577
5202530053
1929326460
166767885
1191089818
1764414724
1795694343
1278285001
237798724
936585650
6580921731
193015474
1095238457
1699178844
1756838894
163915145
365385666
5527599037
1483479436
1760540272
1302342899
1467740771
694903281
284081474
494663035
1229449432
309695777
1616628344
1797197625
816712016
1699485320
1108210025
640201117
1715017784
634295843
1501978984
758409617
484913665
1424336408
1973387550
237209066
689407087
643697549
5095100184
933679194
1344123226
864511174
1648015486
1115375347
1755350542
840979582
744392515
5401296161
443960862
1939569166
1220547792
797421620
573719253
354267059
963761792
917079393
1256690962
426086271
1389629825
1900041487
5222863862
1970299275
696923695
6016596048
5668432318
364687490
742292404
417568043
235164315
5410456918
191176196
1353219162
1791197822
1155625079
6067759782
122525638
598656540
5374616054
1307624193
2103858518
1030918752
1057396823
1978672803
1223200859
974362121
427065176
405307764
2003360557
689471083
1018414767
734540724
391020800
1372437817
1694496052
1019671573
373757623
1131391738
710962192
1039547126
5659637627
1121887517
1791438959
1643982913
771501473
655338951
5057565980
844847664
656079799
583671467
212711116
848658434
823533353
362648845
1259124329
614461451
91364417
5724927993
415705460
915322413
830782944
5343934938
852841329
2041415833
1010301032
486286803
657263612
462339926
5491001110
788914593
691478097
249039181
1409724598
564669535
5026936545
933374254
567882660
1143636185
229494688
1990049399
1006726571
306953529
519041039
566196135
6328246588
231443165
296656635
754997939
823212185
1048170922
1096705993
889843891
1248631685
921714965
1209773318
684830652
1949667266
2009557587
1973154854
2008221410
987104530
6276461244
5670474807
504016346
985650786
480978314
1763341677
262049339
948423710
590778647
752591902
2045296449
680427059
550722699
2052562332
6113196128
1966639982
1185308315
676447676
417697311
372995164
5000585650
84485805
1777068893
695948654
385336251
1278036454
1553022657
1003611694
477112773
412198700
1038958251
1310263261
550888501
1953883467
1305834362
524410478
5267975974
700419836
5986343997
438175032
6495614724
589945127
598204810
440268486
650067590
685054858
515633737
856403324
535940541
432294586
571756273
422933631
1017459659
474467943
1526628014
1029676950
287062785
300317384
843529261
731771114
1004171522
2039128772
773379247
270444385
532867255
5143730616
1151550400
704478010
350019560
819469440
68694996
5749147097
631695256
202973466
822451329
1791084847
664905472
991231194
483058842
615878586
6358808926
1566339927
1354491420
5691645099
794479120
1180872809
170226577
1238984881
891043315
1285291408
283073063
1255881801
557792394
1428967602
1358678008
61322002
432360247
1383790655
6318301478
398608467
1948190349
219792948
5687592830
5566262640
871211178
1210026266
6110586110
438106733
2049884702
5984251711
1510953183
752392233
1536984059
610916327
778221112
701242254
1028188817
732833686
687737226
867951915
1242840686
204714479
5014312254
727477894
484855702
753332306
5994642657
559003656
1220710527
316020443
1349776617
785866368
283215748
344471592
6252931230
248897327
999343157
2118685152
851724701
5080391528
827293527
298814115
1296862276
5021225261
658579949
1619247174
646577803
309655861
573187870
1043308862
612305277
671279496
878487467
1966155900
1228383028
753917990
618507439
91742471
1855746448
1899643364
752652012
1027340126
776170515
294904216
902299721
136078452
335800193
334190506
6110898045
474727846
5998412438
839579039
1154555330
1758190750
632404939
415709438
934634150
545721495
423020993
476389631
1390679570
516262646
587585823
438641662
768542524
1186380979
523039780
1652999007
1140473711
946626063
788242977
1851862662
1009955483
498608121
266577653
537812008
789935632
383668248
265747591
5294679582
391495651
74581372
748810832
5424364291
998362948
1810051539
223865517
673946478
6584635700
351070820
1371319371
770566838
857009942
895660564
727191780
116380909
1393648308
5741551087
176032442
5512933045
652058034
786385077
426865873
525417542
354648584
415428816
1650877377
415846312
1231477273
799083907
527478189
634514104
647105850
343043312
1183762142
1898115438
549349042
2006406314
1151913493
811166386
5939545779
1054101761
879664888
211342810
756989270
622936130
5404372723
1021769851
659494603
1064194662
304689781
998451693
1069602554
779351079
472341893
5559839145
177489733
1004478686
361671756
5511959747
1443978515
89170682
5232892179
5786138815
571356131
5476211490
506324618
1415125819
260456140
1422820652
5985593934
418431198
811990797
1351313133
1389583526
1305019016
72643574
1268248516
1673565317
1311895480
1213247637
236107173
828066382
782532818
5181439407
989619445
923165464
503562948
792386023
914535499
549631797
909083896
870720767
652965933
752486766
490167962
789638480
6230789286
1054423143
1395702574
495881049
5263194751
1798587665
1806739608
1046667566
1797729226
204010948
195826930
590121319
235847695
5027464981
900280770
5069359615
787783945
1201774009
614033821
1158896356
1154431452
6082107696
1025571459
5671855373
713981092
633606170
562733743
630565691
5631054150
391111268
1226802542
957708481
672084244
6088357128
626838516
909648798
520165832
1288752486
5811865793
963011766
1743181771
223976325
5097331180
424302444
778618732
1555821380
528554362
320341578
777996615
1422813058
483202717
2033387011
5184602951
1055111022
218794052
2053849497
609588962
1450189749
556754254
1080281536
460923772
2030753418
261847566
602033968
160259103
1939577744
421268505
956387690
1140548766
939731452
770666477
26222244
885688723
819630623
1694034263
828404124
5189031098
1044058810
6382049687
856174800
682594840
5189385865
512084630
235545566
1263095548
292047068
994439425
508333864
781732143
454626494
943582982
5436540052
5693195423
683712872
1280975341
453226796
5120139275
1825866581
1471602415
768093146
5393133810
1157286634
600898245
513249084
525785686
438771766
525583427
5031919433
5262009931
6344498585
1158894783
803849309
1049719919
835795357
965763815
5090258968
624532977
1958099084
547741022
877819201
1056128451
283191958
367143899
419007089
528598303
1568217285
357960694
195886260
765620470
315807340
1140431913
5731814628
72811077
1574389091
558028079
373600271
5241881434
1395873558
416562077
5072802362
1745399599
993266242
1985489735
5095356322
253381037
866508427
1284748401
6269104345
1724225065
630114713
674964195
1086356041
6009979541
412882178
511368257
406503927
178858751
778837003
210173055
205676193
346288433
5574560507
443364331
509259397
336846219
691419821
1984499873
321557203
442962288
489844098
1121546106
549903569
1451293046
713003702
5331699857
906517294
849777700
958790583
198879205
1083922165
211537915
315943531
493913371
491154253
1285954264
905559682
625256063
6157427779
228181208
5640901819
389686025
454494158
908683375
549164586
5964432030
694723117
1296135180
331365369
549129031
306263382
824626041
2077137450
1097831473
5007732849
1979601450
1341576543
1043044732
738402308
842852797
1811221367
1672792723
1268634179
662072003
274265717
1498056698
1771813516
361775619
5199491911
843282838
1218980367
6403873632
1924075550
2088234764
346545056
611846107
429874040
296625028
536324126
1279026872
1620952321
1044407832
461132687
270411232
500540392
1916220618
1233076641
1076179318
1124102011
496887581
1710825484
602668811
1720209891
879906646
671341920
449247099
1465712735
459029204
655768434
365891964
813355442
560991400
857987617
218469127
469897990
69361025
866771237
610224148
6209511258
5630311526
936580184
213450408
1085123187
5537541005
5678012669
1032546860
302364085
659867869
922540477
52035025
688273514
6396133395
832862491
1882456474
630978954
1627508410
487862354
1365807143
657189545
757446180
5822507684
463623860
763627953
904940883
541663213
336258072
369717330
359953453
474635073
51659805
414962276
260508193
6419423760
551391127
1531976290
6335740327
5228447859
5040022242
1038723064
1068775710
285051877
402504711
1388739792
2025726605
349500068
727391307
2015123987
2144017913
544491348
627183067
700858244
568320757
504180750
227875325
291016676
523742713
486409882
962526189
241821255
512975441
204456828
5966216752
1419831377
906479101
6055560326
981437147
880784180
300764732
756744965
642969189
487291732
6030169947
560003444
1193296527
427234099
708217077
414129911
227000061
243608713
269804265
736459680
5088962554
607389845
924008508
6093502439
679817753
634846557
5146626991
417561374
886473619
6313237106
711183484
1051776059
6521094381
795090471
1878445614
1094623002
1229084548
362659906
841029470
390850482
1732835740
208072587
1237121634
674052998
1907101007
5688922576
6244911806
1796683675
5752251388
1118317210
1859519020
6283522257
1225638718
445840664
600318005
1077697969
537540226
5914762655
1324851299
390392301
892250774
327521273
1694641678
1772975328
118100916
749829709
1084535391
725838209
1226018292
1354938121
485607004
868118458
540293987
6045938050
5262753762
498328934
455743425
1028325649
871792035
494321079
275061402
459182927
135405971
6547408171
976809405
1896094764
1358748277
1289283489
98407884
986330830
1193530544
273088728
532555948
192399413
786548677
453565657
854763922
1025028367
1511922229
584959837
5075183344
1126445346
251575276
5443446059
435976274
570357688
6322385734
2051917998
473054304
1428383617
1857516461
1340534588
749835652
6436555344
904268527
283170269
610521307
1536932742
5342220337
1060820999
1434831060
889452117
1410819452
1352231200
455962234
399509311
196677986
1051664817
5034111605
1572859236
5806786766
722240465
737444273
337194300
1248634139
187189322
1193122758
767278408
659126200
5337029335
115098040
1896256812
1635592732
791572733
742814909
5939404906
597909299
526535206
1046020341
749117220
603629222
1303956909
396311719
1512202803
675878194
502435173
306290130
5917348929
313479131
395635237
784939941
6068740522
489927635
344901952
584246738
1356398912
481754847
504427503
539554633
1236459175
615991861
1894271463
426069458
189631757
593920909
6425463536
5241636405
1288260388
985384112
195325539
531875730
1178486726
1912813267
394257578
5254205561
2098756778
499242675
275405770
1426930829
604051091
140147383
617366415
920304022
1518480910
505761835
6099018661
427929126
488289846
955724398
1403973807
328562287
6625923563
249585159
743368269
580861289
1112393379
972747054
5014263563
6256564621
445651857
1261436352
84326778
406448211
1001573350
401042120
899453392
5394467317
1487117885
1665820501
546482204
193062860
480164870
330348043
224758882
771930137
522030297
1162051243
1193663825
484667907
927653214
429835686
1661928436
5096105688
1779847306
578716576
1368130996
2115119762
5357177445
5382797266
758309463
731952064
1153079582
1109461105
572494480
715281627
732872746
1898603284
2121933135
463024033
524382911
969960330
414405543
945184056
844630790
1124413106
540291785
293500688
806543437
2103225986
1129444202
1607023806
579079744
6226198727
929512461
5075754493
121832840
307979665
521584081
536680129
257949194
650931481
394343091
1269007430
1364282021
248543137
976635391
379031591
520248278
1385985902
600796475
1027384540
5955011192
903053755
1825658252
488333616
927440928
6125847575
176869616
392689542
312167034
1049403917
439004966
707271848
5734650101
538520547
351581835
551983201
1338457113
764936288
778193631
198422357
1168587598
5023908676
793914412
1744794869
577813248
423394727
712421221
850412167
1603003551
370389999
701186256
1135588289
421306628
597968099
6044941565
619557194
335011755
1482988722
876542288
1989699299
476319765
1877402383
711609951
282971824
312434082
378598098
233507230
164847126
1815333411
1995837396
486438139
6374424870
803321951
6516001007
322734866
1061637847
127343898
542067734
992874281
139221257
594638195
333594409
637991149
631108725
116443546
648962990
808941177
431093822
1450133965
1211745635
1323589835
1327417549
272347968
230839564
598154074
1289576885
1053771039
483122561
566882277
1099494290
274159465
412357365
447102501
342340513
621861855
359595294
126504826
778144333
1054675042
660241701
156191262
642653641
5437169506
347148578
539821584
429649706
205517429
279686734
1167986464
860677987
119707277
1300099064
1406914608
388662469
121111225
101479390
764868733
593636898
788595572
480216725
80417625
1772815080
432962789
670875633
292798950
1973967718
911792276
427794705
1030285212
511486153
372851043
473084270
259943397
289148425
476786713
667259859
711121294
170362312
314643626
409831003
810868947
1248582635
543218851
451915480
192494468
1071138987
805124343
370780288
430543875
886814052
599884771
991124909
1119153636
1163830098
587812250
310905889
741428317
6359494349
1010003473
1859864580
595515158
950957755
1241215486
801269187
1107711772
1031788030
916646644
958224999
668806296
217087431
349902558
1078821327
157934099
182252806
718528410
5236673001
416698822
1736254975
317875318
2140123566
220513567
501209011
559538059
5775498754
455840363
1202676019
1132211690
6578678781
933616104
146214244
222343959
785373953
353359028
511566230
532763578
650068440
457276291
6110758240
224369874
5384317404
508992577
563155177
1076359276
612694435
5307841926
1386435598
546031631
194941932
322494322
1865104312
389184884
820700047
1244074131
503067826
672078459
114472569
316956222
922304935
569613525
41326684
588666571
770580086
398139104
773782941
390352462
5640458209
531157043
1776422819
91333337
1606862746
760472126
497435136
837458718
396099350
335964780
229511363
623591323
75656979
673470987
356785181
755434526
137436656
5517322512
397181098
590790754
518832803
89063400
1350975285
993825807
450638052
54467917
925144321
537251426
307770553
1035127285
494856625
1032305166
577130067
542321322
1709472525
187375957
60971549
415723703
108633145
436754008
198906878
252662524
712554845
225350711
532326126
818028606
5666246728
1834497667
958149696
369982641
379191294
1105601102
6145158512
1595684791
537094575
230927553
429329160
698750390
1280174127
1043508400
946696756
1242033918
6324586830
498611062
81429363
792129151
1078442148
5090883057
529638329
987032180
6378580484
5392217043
404302974
633491395
600873842
901155222
432957282
840781483
464611420
266930119
266216329
259599385
203340749
457471228
710753681
166087652
229428395
1472258399
854782857
700621501
275185692
223093869
605819799
769458190
1966069112
183799856
588227005
472793041
314586388
40899665
934081547
657801452
517241166
329553256
151203359
469361174
569053470
427914950
446154120
973358585
148127500
611721399
764705002
5029147860
416529010
1715257270
6436949017
1951052565
804646738
674703874
5747530318
5668771709
548510452
1662221953
1254465074
1711792802
421617838
1062427049
784901177
111363608
268574052
893340416
969275920
1225460644
934178892
483728800
939506171
712355697
5291537295
636164890
255042500
242622586
5596418239
175367319
1246079601
970558128
777961309
426326378
514840797
1295616375
346402969
298917378
205209716
482601656
382400866
816755695
493050724
271572815
530602742
1331570914
1402685114
432358936
140442055
934926498
153796639
619070939
1282083102
795096619
219347411
616378113
643817015
219463093
752903602
852949004
427519909
6412044197
793904210
464053169
1613842104
597753418
524373795
607830838
202697413
925058332
1360217886
610720742
285137924
829857303
516203763
518501192
662785964
870661306
494659067
1018416762
1342413910
6320042480
431326985
188159467
5618309031
794193057
731107306
6518100730
153469221
1049814549
258738256
774290179
839045779
518379302
5185246906
805714311
390108461
1468436778
529006769
851975028
6053902730
1033085409
316712055
877765522
464059188
1457820618
386999741
235576599
550358180
215262288
38426346
395266673
549770381
6069929495
311114461
178574569
448054882
961584234
415698817
100325697
1393190090
216385948
466571431
607680056
645625326
634402619
1185722665
1496432091
530278137
168014729
520902851
442266554
929124588
240492503
147992641
395496637
5053520968
267092798
320574944
619746860
1251820280
808805140
633233803
610105295
1014906300
5347409950
987166984
403348233
831163677
438154159
583065003
1024099972
205527942
483333848
1075479510
739225693
251937771
542250778
417212479
874457078
590535419
747376469
1246177972
387631255
1453353251
392641738
389771315
248330514
284629673
421751644
458783055
936373757
1420278810
818986831
584927556
1375357321
507384204
462084504
5143751663
1274516016
142898413
-1002036151000
380324157
842219033
1307173086
1065231908
155564590
108408872
343993655
365868456
767101079
841311168
456361649
402618017
853095005
1703566093
238204499
93899452
697817576
954772816
712849955
1254416251
208247099
886988455
518904975
324970831
859420462
756026261
265541511
506966982
481714047
501860213
284912788
1121791366
917122263
754191573
1113229925
311851941
114504016
449489807
328085429
5150642431
776636341
501916207
290392855
687947705
1245051798
131896249
1107458928
1241651194
1530854525
422238984
227224102
71094061
6248450777
580893400
527118634
158014305
1893470110
845070542
366324560
440383681
1107882091
449231571
853603803
898102924
517459872
6755805278
435447554
427655172
877091773
530651185
5401200399
1162804790
727397831
631895122
1033083195
766928940
397612945
570784147
1333118886
399908607
320311161
412414809
876404348
162819369
1047852747
2038155371
455412945
5246410128
592432142
561391571
795268424
532891423
916978104
202344210
467794096
676356332
586818257
5992946036
1026639589
481106893
145510017
551665300
1683983154
704929397
970090048
219553044
814927706
1086129222
152982528
105844912
842382687
399903707
916710187
5216895305
1188322936
983616327
642707512
535232509
699275622
353500142
690783114
129165418
1129930004
1231228074
530263254
657490061
392185196
1352682992
896826725
1452539626
1626154687
229512198
933943027
5560458310
352030647
669990787
328626221
801630004
784763660
715740239
686012983
1325715113
1257451299
405697882
328793034
1463792360
707288602
559135395
734231541
796070934
223907121
866760048
1229627819
277798728
5284011278
1818922318
1529432988
762736302
671518200
464209080
393247846
298199964
567248859
640516693
364125748
720862465
1480788677
480249482
130796688
263752521
410434154
767066386
178439046
657587555
1091332513
370263967
453029728
771864759
653695401
435310044
777598002
334603620
458470200
726742481
616264865
5980191900
498170696
825016185
132892764
697800292
691430632
459429479
1255227283
1602006693
685823074
366091016
235433450
814326488
1757531642
682159646
675958381
1591369647
607003046
578414155
551470433
77687891
5656881769
416634529
318100508
527906894
642987399
469012567
5928884186
529843234
313891239
6777188598
665646447
213326887
609868465
613329348
1759319987
1511234161
1339112058
957418715
1586118494
239547186
1197442973
297535080
487871180
844014698
1977302700
787303581
612804121
443643108
547411331
845116112
826226545
801932229
510570276
1173422271
1024628290
548310298
714413836
577083045
450923417
1930837657
470329903
1140990679
483889914
786265841
392643389
948102316
1056352398
605231234
764425908
200935009
321126986
592417943
991338328
552571929
916080849
246004436
506362166
805464197
783155589
617192302
1299589168
817706623
258319942
748579725
311839351
770135306
540354856
1085544295
972733039
894860900
444623005
712362324
126797821
138535014
1072372417
551915305
1188530629
77136508
215325357
1631744189
874125633
651246236
1888399751
698695350
990156435
221981664
433465821
143843088
502737489
355278037
1032684839
424491201
189255461
628337398
2104164511
1673031893
1284630737
306574990
6244673773
276194173
1008613315
535711664
632735833
481094236
663655556
1989029088
541442312
1533180522
1006693833
937944872
1721434066
2110196652
396860341
572959530
206419486
462627569
1095785141
498544111
708511770
803140636
6479255754
1266825360
278745697
142518924
2051669338
548789618
710958687
946655839
952023393
1027311724
497881322
357596290
803566121
5988112666
195422744
282332734
722380167
467171795
1545670056
575200513
818704392
861119356
768020648
767777448
476696065
405710098
478876402
1003850201
556197195
822832566
905030023
371816064
5433696573
1493034265
903628117
616108056
2103002911
1096254381
5707550328
668099587
323230537
748592991
494885813
234362496
1048607658
604719856
808708041
332528731
1201351886
112699356
1314355628
456556978
282901879
251495088
389918545
750210825
833081219
677885474
310661488
105860433
856366242
575630046
239257156
1606674708
768184897
904373999
573109484
552078509
225003132
1250704144
1000608090
701154736
492569151
6281638754
591677178
766682386
188686174
199130305
363149923
359498649
526736037
193072725
477879310
749631481
1551393020
898640431
1006268188
532680565
165078185
5885218965
946625241
570849944
554358598
148192564
688344406
645224928
1862737517
5107953758
660259196
541661906
162233017
725093182
814663514
426885376
972141844
6019305303
322633163
268649906
607257275
702883953
940060974
307815412
1378952083
1241411124
6271569955
438373828
177805881
1560928571
1182290079
632923198
731051111
930681373
701257671
529503975
942397284
441641973
676507050
435706986
5407033155
802827663
382223111
6555727693
878754721
639090601
1045614339
6207334439
612527595
777994634
516950922
598098778
829036088
1040788584
528427574
340956632
426809662
294062282
1637651125
851155176
2039037744
707530223
199204148
1225479088
337464339
806670527
815946304
124707743
543257302
392993906
560302763
2120921459
5008426189
926541450
469370521
423667898
532931876
867023166
700215904
1200439839
208870180
693010338
503208322
1068957425
460716175
737511719
861575586
608201273
5985059106
843191630
5600969446
990050773
383542747
655487156
513590571
493340490
1171198778
1168509781
517078213
701553367
772620847
1364070575
1402405641
669077840
653828657
1054535623
294679690
921660032
96573672
1637999598
5355433338
5003638542
717503040
1489644277
1747400859
414695517
814795596
739124442
1094976856
521096853
416412637
973971860
362344867
1892725809
299432886
1499236083
1725928448
548547371
737086327
273070457
723991473
1116905743
148585682
645009220
469656865
945142797
443059675
887876577
105717420
1044592990
502101702
317752317
95484225
302554856
5843150552
544283823
1607063844
337608784
995710724
525996042
178184866
1277867193
1953922727
882608788
472583245
452082921
712729314
581398723
499487312
410699425
336301213
1319853918
1086934837
597527344
833646888
614134729
630962994
737527356
2025425819
578616281
1160126929
5013014637
663736530
691896771
719683562
489617928
304447452
725264963
152758685
679402819
1070047564
772168159
440208219
687353647
442523107
630284022
159481803
1937834992
1922171988
528974601
800540073
516616585
6232432596
1269415580
5426054562
298290240
627501385
623507650
496676818
983700862
535710131
387843127
975415284
225353801
149978388
852223287
488796769
533199180
6204958022
5061826884
429486640
6020566534
1401750158
673938741
1422068180
587202107
603805911
827463274
560324176
1145491401
726477060
539820727
1165960053
722055621
2106866973
314307378
946960717
1002745415
590216255
196373615
665494635
686479678
474809646
5390290213
362899474
683541394
963195496
554182319
611551009
1693297747
635296918
527867357
1960421009
904615133
1416393505
1055506443
762317719
681649195
175632466
715924153
1823527492
1888847332
268927130
809112830
200440475
594389384
846281910
1456289268
1190836606
1235891515
1296875870
346131279
1009899662
370765434
373002752
1872435560
891538985
581680547
1148268491
565798119
1043026882
462488684
484042917
306225898
682024428
438485067
322870495
633183150
974318732
798291756
5347155751
368698980
177052520
433897222
964703656
236970891
300815098
643281441
716564541
677055600
950438004
2014707332
473435891
1076521916
5566399659
457541660
968725858
854394691
345055620
187809102
864717793
1130876457
1496189685
1048084731
457729200
507543486
857894606
848157673
1672176758
409015597
927348421
437238343
229151486
207226107
1216264082
437931976
6254238117
845567243
1928543679
610126220
564338883
6838612593
492907244
1239418563
1842784998
208253648
1030112807
640699277
729816194
607613175
5283772172
209080602
916072708
224727988
525444662
672238547
1828969367
448662519
934412185
5118663433
540088292
242687378
1854186694
398120531
777964279
801311795
6614096244
639109007
549166110
1071483626
808767977
6278712672
339071743
836249095
562517051
846760523
497009664
700569335
5803793457
559997330
394113719
995623646
204363834
383710175
947695471
506703879
782230720
848858601
588099874
780383138
1732003794
5102564982
879202223
1720501942
103576991
523119626
655990699
1003610795
244043563
949466319
449473384
1029635276
503360852
238743801
529206251
1239890265
1057331775
729554364
530597210
307209688
739541572
300666072
354674446
324830614
986586447
592511973
2054169535
582008667
1489380935
402578513
505766283
341438429
860703258
361184850
619309135
314172197
1147359247
669499722
110739195
533164299
1309670893
1104849987
503862940
183023742
1399624685
5791011375
308491527
754547305
542775766
909957017
272447912
341222099
272664387
391953834
1901704508
1982670927
846461759
698621005
727896759
6127502039
5386358223
683215540
1661679258
5143829710
130452639
942285537
88516493
228087173
472763954
1426163034
5130597411
5145312619
1022762477
677521382
187053730
691655213
476581642
452889279
683942502
1321511088
420276799
1016730140
794986603
657684675
440884907
713386324
141161708
248143227
447919550
951461796
606689572
729494361
1038743909
1175492400
1124175523
1013953931
319376671
1194753345
500955627
755493480
532308329
560781584
357480356
615538792
5369050799
969699452
942531315
774570963
78896544
322492605
256285091
485321852
1040927186
628006264
713456715
667528818
1389367579
1394517942
950085084
1857608445
981907119
615165389
446645687
934621428
5030516035
202764885
879439451
309043974
709045665
457429517
657255520
698826676
247380943
993334535
932192654
612351077
389897708
377547240
382898175
316137942
339256039
560260476
152184048
760492516
1138293320
318926229
748127866
518943576
744271990
341915881
1227610945
688334591
572733910
651375752
499635755
332266967
198400749
482974563
5958543265
5412330641
5088383521
313649396
1613833732
1540722363
6054696846
957061222
5228454260
815385386
397746315
1195177388
399256425
1665641113
502627697
347003477
553643337
1643729785
355161607
1305135337
1167044373
958269748
5145063962
5457623881
916876558
922436667
1990090986
289075777
1008610116
1181662134
981450449
189756989
6702327225
469113453
564393096
636784764
378128968
385086049
1762144699
5304448012
172712227
724050502
1633048018
723081060
776025958
1106984265
5230339288
458168496
815143163
1782626997
5862347082
570692961
1876940082
5499571551
1198534113
1294628548
461377867
5708598969
1469894968
1759839912
1222047129
1831069872
1293997807
322113029
734765253
421232678
555785928
828004854
1612864349
609809772
1219168164
661434056
1776465915
563776792
1368954197
1957425454
5213111712
5457690980
1999265094
260452513
1922024903
1203771715
1048650063
6793552637
5997772707
472709798
610649596
951881045
893757235
1856671807
1439876580
5290548889
1913522913
454081565
452731627
6080948920
1989863697
956197153
1450029594
1505937693
154905904
782694318
580120160
1216232924
490028929
731448488
836962759
1093009748
964205613
710479456
6008895393
513986118
5081202246
1816418743
1814872396
1346712578
100667284
689363493
6422136416
445650554
687415702
910584805
911816480
1254348673
916438497
336576164
6201772474
5719187852
1246853048
746613207
1334495749
1893551760
1679413647
746368770
1290963481
247535190
5308442597
5297737111
727102940
664424119
641146412
5276573713
1204976108
812708721
1043494810
956766701
767755999
5822225239
1761007774
962961672
866864011
5368898754
865275721
341907727
1038615593
829701638
493185532
442554053
2109431282
5027722156
5043066812
560550675
398514197
1125540175
720092541
143692623
751125618
741434978
6348904294
996706770
391726181
6789971031
555630788
535673999
651773185
463027369
206939929
866311192
6527463941
434893216
191798345
1907259889
1164405085
2002030532
1470187816
913173605
357473406
583541372
761217053
781507983
423534811
5961896352
898938627
5786916433
915155226
869581448
1635708814
690200838
417659524
5785334057
1351930006
532730761
299627738
1860211678
2070967520
1825565997
1040545023
313081332
6759201523
1141650841
1247921520
581694421
962081991
5031326316
650500793
851653704
875581590
1165011854
1639184759
1047557775
1342433815
1104460896
601119763
5983669685
278311006
306305029
271715707
220512028
1173567385
1033036033
1713671458
1290319629
808347396
894148138
2031505943
677375714
129281483
545566147
1019223331
846457874
749946526
5004167847
5706465185
1913514730
528663068
1908600007
1269219731
1700517258
1821249413
1153257425
5273458551
642608195
574880184
629371614
1992159332
578564929
407890482
765714835
440403002
6011455949
490247261
5199139032
966250507
1210727319
729596635
650117771
1261589870
501964440
536437625
331537459
1187102772
822257350
5241677031
1009410073
655209485
228979571
856051831
1096280599
1760988867
640437157
396110561
1023962022
6243058040
1461830245
1235973729
829295359
784016290
5887083338
895209351
1105023981
1626555210
1817762950
1733239017
746386612
5251535283
791538119
424894129
506468988
1118637059
391590945
661254025
1124574308
166334246
505020282
176614508
296472981
732711916
619802934
1794231696
770360142
465412086
943672239
976098796
737099369
1533419929
1286784671
1030960647
5673726610
282175132
898178710
5839975059
1497358969
6019066202
5126664094
1291086581
1858942807
484423046
405140821
745702523
148317637
1089879505
504460265
291917613
642038461
764171201
1100298244
281823494
5222063366
1231240012
538960592
257049296
1943523422
266773022
1815984845
574881270
1249388423
5488002602
638939404
6653727747
131260150
1295950343
1771096761
1425765171
1223212237
431529086
631625634
1488985252
788686026
92174186
883213844
1025585589
291501468
369796232
924822173
265782419
470696010
332542489
786801337
2058225854
865647891
153059850
520684308
299820053
5235654213
1119953025
947666414
968921246
972421094
5946663093
777123810
6674935729
1587886931
1467258609
850722140
5871611867
1700207846
460329581
258409315
321243908
1252339043
5738723005
703335462
5170350302
5471612430
709300038
944312713
5703572962
5220263361
5963653017
544947003
1180128925
478409649
731808853
468502569
839984475
141733751
1639775970
1320730691
636827501
281855373
1816376697
5443806394
1328105211
626141535
396537718
5076283863
965635208
6322316004
218307729
804228753
433231696
681802055
267298410
532437962
900298098
1992743896
2046710843
530858252
468395232
1985528652
5560315002
643279560
905040008
478828629
415504949
1804286828
820301589
1659029424
1381401283
358048313
127552201
1163795661
640152243
628949218
1122174963
1673977420
2023548952
511329694
559025697
475615712
476554732
1534682179
818618742
6142599781
631771450
2043225051
5879466744
991945572
664127558
331329032
6233546756
5109572494
764282529
239881965
5086923166
602441861
546404030
1731644642
1861510339
5965401495
675640845
1942687082
5969668994
1141831729
6621007495
723243283
1323182144
1093755855
619671449
477265907
243639034
557283154
1013352949
1037242927
351652501
1749910404
245509164
503846841
788265911
517880426
451267229
854287126
5834096050
462827288
1484053378
589158872
5426974056
311704982
6052168512
6520814812
447111062
936855400
5178934933
455602734
692118379
1591718493
341688182
6703461242
1178305411
663746326
410888627
692604358
845626266
5853771982
6477392138
1050970898
664479420
1769564957
290932034
5910802644
352041318
245407280
761644029
440122455
382543006
6253600496
703528531
381033513
1005985372
314210584
6034596906
619924311
5698394082
755224567
1763930472
853700982
148761364
5819709275
410871654
5563754024
280922557
1291444301
662961210
898500652
341907179
2137646932
6143024640
721016606
1527718650
403037025
503126350
5375036003
1859068587
800366459
696281450
1315878459
833645202
562662969
985797586
1728838066
5518595280
6547177979
1645373496
908515738
166896358
1089524687
5945622228
1935714407
858606674
513026756
1800907919
1860336139
1410565784
1771440107
1816768423
1476608726
492962405
285557190
785913474
5234147030
6165696858
792408521
5781384934
1475876463
773432278
1973754969
471153075
979486652
5757962455
641136503
2077335545
1161647643
940373351
877523575
795582633
145274110
6282268397
278163758
159630693
1029478890
797071999
1800810609
781405695
1179456279
990012877
337939773
319088128
733796740
443902842
5808219042
1432965444
849582583
824786673
189893765
1545972406
261962219
1785525834
5760903978
6380117777
929289735
51252134
588395536
987108338
182855480
291516278
918803316
652497703
1391839475
5141351507
97041185
261826734
819072966
813075509
975328691
6522168484
1292625225
1868169697
238142252
5807037029
827866234
865618863
432764809
1644849708
361627677
1091892706
6374727867
485896041
1049700160
5722516138
656997045
6340385119
5475582440
485750432
5111599074
2088012999
300270449
901965540
1436514832
376258394
590077248
1020724131
1207202200
1222601169
1017959869
749405471
5079542834
1101476566
1171483641
263152150
1276010488
5870617835
1057813193
163525781
700057225
979206438
734548078
332181665
5085252031
497743522
1962903724
358868502
1793682377
526858121
443000617
1350585204
883347650
1834266058
605515942
5314262494
213386366
5062384504
898182787
1023564557
5379643665
1238209717
1200994510
759367996
1995077073
1894522499
853806642
2113314532
744566007
1781767727
5566499236
648306029
460542866
1989070231
117652125
751369326
614618073
1887813785
1053452812
1194516516
1205908453
1118940843
901201789
6132811226
5358434551
408956670
6733692491
543971883
897891205
547594169
1282840712
505340882
728695121
577205698
710462336
1152644258
1393408199
172282348
592735411
1536669634
1446108591
432038159
5803398347
575609725
1713635234
5062199451
364396360
514221810
1956802909
6157445274
841563218
665453227
1775467441
1381743375
1937362663
719501784
906749133
270641571
6083166138
2036698566
791047505
560336122
939177490
1427122711
386464119
370786117
601231543
440121542
793828241
1006080665
1838497295
1124128233
1749922265
320346109
320017030
548515004
1165662288
1609281690
1623717664
1360164472
2124415393
477561567
313956874
6387506795
664925618
367265472
557054178
595063578
5019546725
905200443
1352526255
5757002221
1120514237
5961791273
834040820
479180461
6433000979
464767509
1039496229
492191326
468909172
700473482
6582519281
1077478445
497061034
5163086178
704907347
2065100854
1622628548
6161573326
1115765855
1044976928
461279957
315218202
600649635
5578205588
1272019622
879883300
421970357
151572399
6001577606
273101642
1169202798
1073434482
209469500
889677284
587739583
6041034121
1343297040
615382619
863361686
762762323
679302193
695916454
5631647980
6158356825
153344753
796821108
364787227
581479460
1772928788
1725413361
1277374298
5347641359
1670868474
5672552217
6492945964
896273860
120454063
696289617
5489970748
564170616
1751890298
519381578
905743904
6072071747
97236692
791188430
1833868382
1311467394
5213279588
812960777
1490824400
1567538275
6169678890
1213150830
5105848393
1402532834
615463665
1329614805
1474222972
602891598
1081737700
930511818
510231136
1254197322
1810759660
464872084
469835627
5405168239
856668225
662014958
723057191
701672613
645519136
1030464962
1019836391
886684710
580960759
5010377973
160446764
1044481577
6363694208
545364047
1759456853
1858991807
5259867440
701089835
490417363
1294884153
5834105639
865306452
731073848
769390138
764288565
1217672429
535676976
6005335426
1294285955
602101144
1046796510
932218082
5563362072
469405883
982894893
1130841887
6154583632
5563580603
750598357
651124298
1030165261
640102264
875332336
1208629769
237264527
1701818493
704689767
326483056
1354391821
833206254
499932343
282691856
975148697
726748590
479879298
1975413330
876970374
6639728656
582935365
524429504
1663750170
324157364
564930269
5298669741
269404093
1022199073
1917533507
239943050
5323383130
927028156
5485912642
735814544
429976544
6322811956
5042643836
1492921197
685413840
668524069
1899109573
704169196
1181206531
336054541
5560163831
597886081
276045371
5041396516
5442233991
552903917
238624496
5635401872
5361642670
6259904711
211992674
801519336
1709277854
1227686260
714170565
498748189
6183961480
378347091
876595422
1175931669
1517758697
416178742
620708667
894054700
806368712
1064140802
5923897689
837092972
5012024353
595948069
714802625
953040407
6649129142
6098280969
636306329
619712673
1139647181
705636297
242110329
498113753
974043237
6518687738
1311921364
1796341966
436265445
1812061503
629609218
219778434
985451300
6501102941
5279339809
664705683
977652756
6365622371
1002927902
841602039
525046215
597019062
1209778829
1718810431
394591560
885427042
1054408015
748374536
233070667
1022060386
5999404888
591052070
5517264930
5175885051
462253921
5785615284
1791356054
2004846941